u = [ 1.3040,
  1.5597,
  0.8091,
 -0.7613,
 -2.0381,
 -2.2576,
 -1.6758,
 -0.8543,
 -0.0509,
  0.7561,
  1.5756,
  2.1024,
  1.7227,
  0.2300,
 -1.4505,
 -2.1603,
 -1.7955,
 -0.9388,
  0.0061,
  0.9478,
  1.7772,
  2.0680,
  1.2889,
 -0.3361,
 -1.6317,
 -1.7758,
 -0.9970,
  0.1367,
  1.2137,
  1.8048,
  1.3954,
 -0.0000,
 -1.3954,
 -1.8048,
 -1.2137,
 -0.1367,
  0.9970,
  1.7758,
  1.6317,
  0.3361,
 -1.2889,
 -2.0680,
 -1.7772,
 -0.9478,
 -0.0061,
  0.9388,
  1.7955,
  2.1603,
  1.4505,
 -0.2300,
 -1.7227,
 -2.1024,
 -1.5756,
 -0.7561,
  0.0509,
  0.8543,
  1.6758,
  2.2576,
  2.0381,
  0.7613,
 -0.8091,
 -1.5597,
 -1.3040,
 -0.6463,
 -0.1618,
 -0.0629,
 -0.2337,
 -0.3811,
 -0.2523,
  0.2219,
  0.9080,
  1.4788,
  1.4774,
  0.6890,
 -0.4045,
 -0.9561,
 -0.6434,
  0.1460,
  0.7289,
  0.5178,
 -0.5049,
 -1.5863,
 -1.9566,
 -1.5837,
 -0.9194,
 -0.3646,
 -0.0971,
 -0.1019,
 -0.2188,
 -0.2266,
  0.0394,
  0.6024,
  1.2887,
  1.6753,
  1.2491,
  0.0000,
 -1.2491,
 -1.6753,
 -1.2887,
 -0.6024,
 -0.0394,
  0.2266,
  0.2188,
  0.1019,
  0.0971,
  0.3646,
  0.9194,
  1.5837,
  1.9566,
  1.5863,
  0.5049,
 -0.5178,
 -0.7289,
 -0.1460,
  0.6434,
  0.9561,
  0.4045,
 -0.6890,
 -1.4774,
 -1.4788,
 -0.9080,
 -0.2219,
  0.2523,
  0.3811,
  0.2337,
  0.0629,
  0.1618,
  0.6463]

plot(32π*(0:127)/128,u,"--",label = "trefethen (MATLAB)")
legend()

E = [1.80543280006693e-29,
        194.953548899556,
        194.388584288975,
        179.488462220716,
        246.731574762172,
        183.468018684877,
        190.899257761930,
        296.360106626729,
        671.491853001880,
        947.482157917791,
        1894.90039340111,
        1587.39999293063,
        2112.20187521916,
        1018.09969853535,
        937.873584111567,
        706.829566197995,
        561.123743500395,
        418.563663554539,
        328.117934457996,
        260.151675400504,
        220.382081637330,
        153.129617022749,
        142.637933581439,
        98.5012066675274,
        73.8768432158024,
        45.7796316000091,
        33.8176997837435,
        20.8669877385661,
        16.5152586396939,
        10.2205027377431,
        7.12082211925144,
        4.75278153541877,
        3.62823855687786,
        2.29253114248614,
        1.70923803048086,
        1.20278999319308,
        0.856475827896769,
        0.586346475223570,
        0.399297319723551,
        0.242133899671810,
        0.175910238403184,
        0.103634007102388,
        0.0785339490370461,
        0.0450309502221596,
        0.0392549818750511,
        0.0209416863931700,
        0.0162428496131570,
        0.0106607107953199,
        0.00716269517546063,
        0.00459771265672636,
        0.00312455951678468,
        0.00193910459894180,
        0.00134646732504418,
        0.000837310821662326,
        0.000577362155339341,
        0.000341905800586169,
        0.000270576641494501,
        0.000162569018798814,
        0.000131309676076648,
        7.55257304072245e-05,
        5.79817539734313e-05,
        3.46425624923607e-05,
        2.65248453058651e-05,
        2.02017256162777e-05,
        8.02874561590678e-30,
        2.02017256162777e-05,
        2.65248453058651e-05,
        3.46425624923607e-05,
        5.79817539734313e-05,
        7.55257304072245e-05,
        0.000131309676076648,
        0.000162569018798814,
        0.000270576641494501,
        0.000341905800586169,
        0.000577362155339341,
        0.000837310821662326,
        0.00134646732504418,
        0.00193910459894180,
        0.00312455951678468,
        0.00459771265672636,
        0.00716269517546063,
        0.0106607107953199,
        0.0162428496131570,
        0.0209416863931700,
        0.0392549818750511,
        0.0450309502221596,
        0.0785339490370461,
        0.103634007102388,
        0.175910238403184,
        0.242133899671810,
        0.399297319723551,
        0.586346475223570,
        0.856475827896769,
        1.20278999319308,
        1.70923803048086,
        2.29253114248614,
        3.62823855687786,
        4.75278153541877,
        7.12082211925144,
        10.2205027377431,
        16.5152586396939,
        20.8669877385661,
        33.8176997837435,
        45.7796316000091,
        73.8768432158024,
        98.5012066675274,
        142.637933581439,
        153.129617022749,
        220.382081637330,
        260.151675400504,
        328.117934457996,
        418.563663554539,
        561.123743500395,
        706.829566197995,
        937.873584111567,
        1018.09969853535,
        2112.20187521916,
        1587.39999293063,
        1894.90039340111,
        947.482157917791,
        671.491853001880,
        296.360106626729,
        190.899257761930,
        183.468018684877,
        246.731574762172,
        179.488462220716,
        194.388584288975,
        194.953548899556]

semilogy(E,"--",label = "trefethen (MATLAB)")
legend()

function tester(n)
        let tmp = U
                U = V
                V = tmp
        end
end

U = 9
V = 5

tester(10)
